10000000 0.82 1 0
10000000 0.82 1 1
10000000 0.82 1 2
10000000 0.82 1 3
10000000 0.82 1 5
10000000 0.82 1 8
10000000 0.82 2 0
10000000 0.82 2 1
10000000 0.82 2 2
10000000 0.82 2 3
10000000 0.82 2 5
10000000 0.82 2 8
10000000 0.82 4 0
10000000 0.82 4 1
10000000 0.82 4 2
10000000 0.82 4 3
10000000 0.82 4 5
10000000 0.82 4 8
10000000 0.82 8 0
10000000 0.82 8 1
10000000 0.82 8 2
10000000 0.82 8 3
10000000 0.82 8 5
10000000 0.82 8 8
10000000 0.82 16 0
10000000 0.82 16 1
10000000 0.82 16 2
10000000 0.82 16 3
10000000 0.82 16 5
10000000 0.82 16 8
10000000 0.82 32 0
10000000 0.82 32 1
10000000 0.82 32 2
10000000 0.82 32 3
10000000 0.82 32 5
10000000 0.82 32 8
10000000 0.84 1 0
10000000 0.84 1 1
10000000 0.84 1 2
10000000 0.84 1 3
10000000 0.84 1 5
10000000 0.84 1 8
10000000 0.84 2 0
10000000 0.84 2 1
10000000 0.84 2 2
10000000 0.84 2 3
10000000 0.84 2 5
10000000 0.84 2 8
10000000 0.84 4 0
10000000 0.84 4 1
10000000 0.84 4 2
10000000 0.84 4 3
10000000 0.84 4 5
10000000 0.84 4 8
10000000 0.84 8 0
10000000 0.84 8 1
10000000 0.84 8 2
10000000 0.84 8 3
10000000 0.84 8 5
10000000 0.84 8 8
10000000 0.84 16 0
10000000 0.84 16 1
10000000 0.84 16 2
10000000 0.84 16 3
10000000 0.84 16 5
10000000 0.84 16 8
10000000 0.84 32 0
10000000 0.84 32 1
10000000 0.84 32 2
10000000 0.84 32 3
10000000 0.84 32 5
10000000 0.84 32 8
10000000 0.86 1 0
10000000 0.86 1 1
10000000 0.86 1 2
10000000 0.86 1 3
10000000 0.86 1 5
10000000 0.86 1 8
10000000 0.86 2 0
10000000 0.86 2 1
10000000 0.86 2 2
10000000 0.86 2 3
10000000 0.86 2 5
10000000 0.86 2 8
10000000 0.86 4 0
10000000 0.86 4 1
10000000 0.86 4 2
10000000 0.86 4 3
10000000 0.86 4 5
10000000 0.86 4 8
10000000 0.86 8 0
10000000 0.86 8 1
10000000 0.86 8 2
10000000 0.86 8 3
10000000 0.86 8 5
10000000 0.86 8 8
10000000 0.86 16 0
10000000 0.86 16 1
10000000 0.86 16 2
10000000 0.86 16 3
10000000 0.86 16 5
10000000 0.86 16 8
10000000 0.86 32 0
10000000 0.86 32 1
10000000 0.86 32 2
10000000 0.86 32 3
10000000 0.86 32 5
10000000 0.86 32 8
10000000 0.88 1 0
10000000 0.88 1 1
10000000 0.88 1 2
10000000 0.88 1 3
10000000 0.88 1 5
10000000 0.88 1 8
10000000 0.88 2 0
10000000 0.88 2 1
10000000 0.88 2 2
10000000 0.88 2 3
10000000 0.88 2 5
10000000 0.88 2 8
10000000 0.88 4 0
10000000 0.88 4 1
10000000 0.88 4 2
10000000 0.88 4 3
10000000 0.88 4 5
10000000 0.88 4 8
10000000 0.88 8 0
10000000 0.88 8 1
10000000 0.88 8 2
10000000 0.88 8 3
10000000 0.88 8 5
10000000 0.88 8 8
10000000 0.88 16 0
10000000 0.88 16 1
10000000 0.88 16 2
10000000 0.88 16 3
10000000 0.88 16 5
10000000 0.88 16 8
10000000 0.88 32 0
10000000 0.88 32 1
10000000 0.88 32 2
10000000 0.88 32 3
10000000 0.88 32 5
10000000 0.88 32 8
10000000 0.9 1 0
10000000 0.9 1 1
10000000 0.9 1 2
10000000 0.9 1 3
10000000 0.9 1 5
10000000 0.9 1 8
10000000 0.9 2 0
10000000 0.9 2 1
10000000 0.9 2 2
10000000 0.9 2 3
10000000 0.9 2 5
10000000 0.9 2 8
10000000 0.9 4 0
10000000 0.9 4 1
10000000 0.9 4 2
10000000 0.9 4 3
10000000 0.9 4 5
10000000 0.9 4 8
10000000 0.9 8 0
10000000 0.9 8 1
10000000 0.9 8 2
10000000 0.9 8 3
10000000 0.9 8 5
10000000 0.9 8 8
10000000 0.9 16 0
10000000 0.9 16 1
10000000 0.9 16 2
10000000 0.9 16 3
10000000 0.9 16 5
10000000 0.9 16 8
10000000 0.9 32 0
10000000 0.9 32 1
10000000 0.9 32 2
10000000 0.9 32 3
10000000 0.9 32 5
10000000 0.9 32 8
